1:23921,15.1898000237;24935,16.0556648075;25029,10.8807118172;36864,15.1898000237
2:6590,108.9893452236;6761,79.6301529952;13628,79.6301529952;37187,143.6845197672;40949,108.9893452236
3:18598,30.0023167340
4:8479,80.0312518750;10107,103.3397547186;14249,115.5444361395;16743,93.0645634025;20416,115.5444361395;21964,115.5444361395;30844,115.5444361395;34134,93.0645634025;39861,115.5444361395;40596,93.0645634025
5:15285,73.4910025736;32325,53.1079016926;39630,51.9368531929;43880,53.1079016926;44108,51.9368531929
6:1333,23.0803720223;8825,7.3185889365;33570,7.3185889365;44436,23.2135180875
7:4267,51.9256826917;8450,145.4784410194;16983,51.4591497239;17960,141.7699262565
8:10101,21.6629280761;11085,42.4194482045;12993,21.7405184480
9:3421,34.3588139372;5881,117.3708019963;11873,178.2239374523;12592,117.3708019963;22359,117.3708019963;34179,49.5611671156;36706,87.9977355679;41884,34.3588139372;44486,87.9977355679
10:6435,69.5444699195;9046,24.5689790570;22295,69.5444699195;25119,43.3064631369;38474,16.9384169788
