1:2,22.1246138189,1&6.1569666590,-75.5946154250
2:1,22.1246138189,1;5440,31.4160540997,1;5466,64.3368083632,1&6.1571184380,-75.5944860210
3:5433,38.3123948803,1;5434,41.1484309989,1;5469,60.1937205272,1;5470,60.1937205272,1&6.1571543330,-75.5932942009
4:5478,29.5558061991,1;5479,29.5558061991,1;5505,12.4903155496,1;5524,46.8773532276,1&6.1579914370,-75.5946459850
5:6,22.9566752117,1;5466,57.2490753761,1;5501,35.5002259360,1&6.1580569530,-75.5950503540
6:5,57.2490753761,1;7,22.9566752117,1;5501,35.5002259360,1&6.1580569530,-75.5950503540
7:6,22.9566752117,1;5511,26.9545011456,1;5564,87.0711235924,1&6.1582181640,-75.5951800770
8:5494,96.8970493028,1;5555,23.9939945930,1;5650,98.5586531562,1&6.1586587110,-75.5916402730
9:5553,50.2581003875,1;5559,27.0106988106,1;5560,27.0106988106,1;5624,44.7597050887,1&6.1587787190,-75.5983231650
10:5560,43.1018798588,1;5628,38.0078429473,1;5636,67.1581380078,1&6.1588712740,-75.5987334180
